2.00000000E+07
1.99530000E+07
1.90550000E+07
1.81970000E+07
1.73780000E+07
1.65960000E+07
1.58490000E+07
1.51360000E+07
1.44540000E+07
1.38040000E+07
1.31830000E+07
1.25890000E+07
1.20230000E+07
1.14820000E+07
1.09650000E+07
1.04710000E+07
1.00000000E+07
9.54990000E+06
9.12010000E+06
8.70960000E+06
8.31760000E+06
7.94330000E+06
7.58580000E+06
7.24440000E+06
6.91830000E+06
6.60690000E+06
6.30960000E+06
6.02560000E+06
5.75440000E+06
5.49540000E+06
5.24810000E+06
5.01190000E+06
4.78630000E+06
4.57090000E+06
4.36520000E+06
4.16870000E+06
3.98110000E+06
3.80190000E+06
3.63080000E+06
3.46740000E+06
3.31130000E+06
3.16230000E+06
3.02000000E+06
2.88400000E+06
2.75420000E+06
2.63030000E+06
2.51190000E+06
2.39880000E+06
2.29090000E+06
2.18780000E+06
2.08930000E+06
1.99530000E+06
1.90550000E+06
1.81970000E+06
1.73780000E+06
1.65960000E+06
1.58490000E+06
1.51360000E+06
1.44540000E+06
1.38040000E+06
1.31830000E+06
1.25890000E+06
1.20230000E+06
1.14820000E+06
1.09650000E+06
1.04710000E+06
1.00000000E+06
9.54990000E+05
9.12010000E+05
8.70960000E+05
8.31760000E+05
7.94330000E+05
7.58580000E+05
7.24440000E+05
6.91830000E+05
6.60690000E+05
6.30960000E+05
6.02560000E+05
5.75440000E+05
5.49540000E+05
5.24810000E+05
5.01190000E+05
4.78630000E+05
4.57090000E+05
4.36520000E+05
4.16870000E+05
3.98110000E+05
3.80190000E+05
3.63080000E+05
3.46740000E+05
3.31130000E+05
3.16230000E+05
3.02000000E+05
2.88400000E+05
2.75420000E+05
2.63030000E+05
2.51190000E+05
2.39880000E+05
2.29090000E+05
2.18780000E+05
2.08930000E+05
1.99530000E+05
1.90550000E+05
1.81970000E+05
1.73780000E+05
1.65960000E+05
1.58490000E+05
1.51360000E+05
1.44540000E+05
1.38040000E+05
1.31830000E+05
1.25890000E+05
1.20230000E+05
1.14820000E+05
1.09650000E+05
1.04710000E+05
1.00000000E+05
9.54990000E+04
9.12010000E+04
8.70960000E+04
8.31760000E+04
7.94330000E+04
7.58580000E+04
7.24440000E+04
6.91830000E+04
6.60690000E+04
6.30960000E+04
6.02560000E+04
5.75440000E+04
5.49540000E+04
5.24810000E+04
5.01190000E+04
4.78630000E+04
4.57090000E+04
4.36520000E+04
4.16870000E+04
3.98110000E+04
3.80190000E+04
3.63080000E+04
3.46740000E+04
3.31130000E+04
3.16230000E+04
3.02000000E+04
2.88400000E+04
2.75420000E+04
2.63030000E+04
2.51190000E+04
2.39880000E+04
2.29090000E+04
2.18780000E+04
2.08930000E+04
1.99530000E+04
1.90550000E+04
1.81970000E+04
1.73780000E+04
1.65960000E+04
1.58490000E+04
1.51360000E+04
1.44540000E+04
1.38040000E+04
1.31830000E+04
1.25890000E+04
1.20230000E+04
1.14820000E+04
1.09650000E+04
1.04710000E+04
1.00000000E+04
9.54990000E+03
9.12010000E+03
8.70960000E+03
8.31760000E+03
7.94330000E+03
7.58580000E+03
7.24440000E+03
6.91830000E+03
6.60690000E+03
6.30960000E+03
6.02560000E+03
5.75440000E+03
5.49540000E+03
5.24810000E+03
5.01190000E+03
4.78630000E+03
4.57090000E+03
4.36520000E+03
4.16870000E+03
3.98110000E+03
3.80190000E+03
3.63080000E+03
3.46740000E+03
3.31130000E+03
3.16230000E+03
3.01990000E+03
2.88400000E+03
2.75420000E+03
2.63030000E+03
2.51190000E+03
2.39880000E+03
2.29090000E+03
2.18780000E+03
2.08930000E+03
1.99530000E+03
1.90550000E+03
1.81970000E+03
1.73780000E+03
1.65960000E+03
1.58490000E+03
1.51360000E+03
1.44540000E+03
1.38040000E+03
1.31830000E+03
1.25890000E+03
1.20230000E+03
1.14810000E+03
1.09650000E+03
1.04710000E+03
1.00000000E+03
9.54990000E+02
9.12010000E+02
8.70960000E+02
8.31760000E+02
7.94330000E+02
7.58580000E+02
7.24440000E+02
6.91830000E+02
6.60690000E+02
6.30960000E+02
6.02560000E+02
5.75440000E+02
5.49540000E+02
5.24810000E+02
5.01190000E+02
4.78630000E+02
4.57090000E+02
4.36520000E+02
4.16870000E+02
3.98110000E+02
3.80190000E+02
3.63080000E+02
3.46740000E+02
3.31130000E+02
3.16230000E+02
3.01990000E+02
2.88400000E+02
2.75420000E+02
2.63030000E+02
2.51190000E+02
2.39880000E+02
2.29090000E+02
2.18780000E+02
2.08930000E+02
1.99530000E+02
1.90550000E+02
1.81970000E+02
1.73780000E+02
1.65960000E+02
1.58490000E+02
1.51360000E+02
1.44540000E+02
1.38040000E+02
1.31830000E+02
1.25890000E+02
1.20230000E+02
1.14820000E+02
1.09650000E+02
1.04710000E+02
1.00000000E+02
9.54990000E+01
9.12010000E+01
8.70960000E+01
8.31760000E+01
7.94330000E+01
7.58580000E+01
7.24440000E+01
6.91830000E+01
6.60690000E+01
6.30960000E+01
6.02560000E+01
5.75440000E+01
5.49540000E+01
5.24810000E+01
5.01190000E+01
4.78630000E+01
4.57090000E+01
4.36520000E+01
4.16870000E+01
3.98110000E+01
3.80190000E+01
3.63080000E+01
3.46740000E+01
3.31130000E+01
3.16230000E+01
3.02000000E+01
2.88400000E+01
2.75420000E+01
2.63030000E+01
2.51190000E+01
2.39880000E+01
2.29090000E+01
2.18780000E+01
2.08930000E+01
1.99530000E+01
1.90550000E+01
1.81970000E+01
1.73780000E+01
1.65960000E+01
1.58490000E+01
1.51360000E+01
1.44540000E+01
1.38040000E+01
1.31830000E+01
1.25890000E+01
1.20230000E+01
1.14820000E+01
1.09650000E+01
1.04710000E+01
1.00000000E+01
9.54990000E+00
9.12010000E+00
8.70960000E+00
8.31760000E+00
7.94330000E+00
7.58580000E+00
7.24440000E+00
6.91830000E+00
6.60690000E+00
6.30960000E+00
6.02560000E+00
5.75440000E+00
5.49540000E+00
5.24810000E+00
5.01190000E+00
4.78630000E+00
4.57090000E+00
4.36520000E+00
4.16870000E+00
3.98110000E+00
3.80190000E+00
3.63080000E+00
3.46740000E+00
3.31130000E+00
3.16230000E+00
3.02000000E+00
2.88400000E+00
2.75420000E+00
2.63030000E+00
2.51190000E+00
2.39880000E+00
2.29090000E+00
2.18780000E+00
2.08930000E+00
1.99530000E+00
1.90550000E+00
1.81970000E+00
1.73780000E+00
1.65960000E+00
1.58490000E+00
1.51360000E+00
1.44540000E+00
1.38040000E+00
1.31830000E+00
1.25890000E+00
1.20230000E+00
1.14810000E+00
1.09650000E+00
1.04710000E+00
1.00000000E+00
9.54990000E-01
9.12010000E-01
8.70960000E-01
8.31760000E-01
7.94330000E-01
7.58580000E-01
7.24440000E-01
6.91830000E-01
6.60690000E-01
6.30960000E-01
6.02560000E-01
5.75440000E-01
5.49540000E-01
5.24810000E-01
5.01190000E-01
4.78630000E-01
4.57090000E-01
4.36520000E-01
4.16870000E-01
3.98110000E-01
3.80190000E-01
3.63080000E-01
3.46740000E-01
3.31130000E-01
3.16230000E-01
3.01990000E-01
2.88400000E-01
2.75420000E-01
2.63030000E-01
2.51190000E-01
2.39880000E-01
2.29090000E-01
2.18780000E-01
2.08930000E-01
1.99530000E-01
1.90550000E-01
1.81970000E-01
1.73780000E-01
1.65960000E-01
1.58490000E-01
1.51360000E-01
1.44540000E-01
1.38040000E-01
1.31830000E-01
1.25890000E-01
1.20230000E-01
1.14810000E-01
1.09650000E-01
1.04710000E-01
1.00000000E-01
9.54990000E-02
9.12010000E-02
8.70960000E-02
8.31760000E-02
7.94330000E-02
7.58580000E-02
7.24440000E-02
6.91830000E-02
6.60690000E-02
6.30960000E-02
6.02560000E-02
5.75440000E-02
5.49540000E-02
5.24810000E-02
5.01190000E-02
4.78630000E-02
4.57090000E-02
4.36520000E-02
4.16870000E-02
3.98110000E-02
3.80190000E-02
3.63080000E-02
3.46740000E-02
3.31130000E-02
3.16230000E-02
3.01990000E-02
2.88400000E-02
2.75420000E-02
2.63030000E-02
2.51190000E-02
2.39880000E-02
2.29090000E-02
2.18780000E-02
2.08930000E-02
1.99530000E-02
1.90550000E-02
1.81970000E-02
1.73780000E-02
1.65960000E-02
1.58490000E-02
1.51360000E-02
1.44540000E-02
1.38040000E-02
1.31830000E-02
1.25890000E-02
1.20230000E-02
1.14810000E-02
1.09650000E-02
1.04710000E-02
1.00000000E-02
9.54990000E-03
9.12010000E-03
8.70960000E-03
8.31760000E-03
7.94330000E-03
7.58580000E-03
7.24440000E-03
6.91830000E-03
6.60690000E-03
6.30960000E-03
6.02560000E-03
5.75440000E-03
5.49540000E-03
5.24810000E-03
5.01190000E-03
4.78630000E-03
4.57090000E-03
4.36520000E-03
4.16870000E-03
3.98110000E-03
3.80190000E-03
3.63080000E-03
3.46740000E-03
3.31130000E-03
3.16230000E-03
3.02000000E-03
2.88400000E-03
2.75420000E-03
2.63030000E-03
2.51190000E-03
2.39880000E-03
2.29090000E-03
2.18780000E-03
2.08930000E-03
1.99530000E-03
1.90550000E-03
1.81970000E-03
1.73780000E-03
1.65960000E-03
1.58490000E-03
1.51360000E-03
1.44540000E-03
1.38040000E-03
1.31830000E-03
1.25890000E-03
1.20230000E-03
1.14820000E-03
1.09650000E-03
1.04710000E-03
1.00000000E-03
9.54990000E-04
9.12010000E-04
8.70960000E-04
8.31760000E-04
7.94330000E-04
7.58580000E-04
7.24440000E-04
6.91830000E-04
6.60690000E-04
6.30960000E-04
6.02560000E-04
5.75440000E-04
5.49540000E-04
5.24810000E-04
5.01190000E-04
4.78630000E-04
4.57090000E-04
4.36520000E-04
4.16870000E-04
3.98110000E-04
3.80190000E-04
3.63080000E-04
3.46740000E-04
3.31130000E-04
3.16230000E-04
3.01990000E-04
2.88400000E-04
2.75420000E-04
2.63030000E-04
2.51190000E-04
2.39880000E-04
2.29090000E-04
2.18780000E-04
2.08930000E-04
1.99530000E-04
1.90550000E-04
1.81970000E-04
1.73780000E-04
1.65960000E-04
1.58490000E-04
1.51360000E-04
1.44540000E-04
1.38040000E-04
1.31830000E-04
1.25890000E-04
1.20230000E-04
1.14820000E-04
1.09650000E-04
1.04710000E-04
1.00000000E-04
9.54990000E-05
9.12010000E-05
8.70960000E-05
8.31760000E-05
7.94330000E-05
7.58580000E-05
7.24440000E-05
6.91830000E-05
6.60690000E-05
6.30960000E-05
6.02560000E-05
5.75440000E-05
5.49540000E-05
5.24810000E-05
5.01190000E-05
4.78630000E-05
4.57090000E-05
4.36520000E-05
4.16870000E-05
3.98110000E-05
3.80190000E-05
3.63080000E-05
3.46740000E-05
3.31130000E-05
3.16230000E-05
3.01990000E-05
2.88400000E-05
2.75420000E-05
2.63030000E-05
2.51190000E-05
2.39880000E-05
2.29090000E-05
2.18780000E-05
2.08930000E-05
1.99530000E-05
1.90550000E-05
1.81970000E-05
1.73780000E-05
1.65960000E-05
1.58490000E-05
1.51360000E-05
1.44540000E-05
1.38040000E-05
1.31830000E-05
1.25890000E-05
1.20230000E-05
1.14820000E-05
1.09650000E-05
1.04710000E-05
1.00000000E-05
 
0.00000000E+00
0.00000000E+00
0.00000000E+00
0.00000000E+00
0.00000000E+00
0.00000000E+00
3.10655000E+09
5.88996000E+12
5.64204000E+13
1.44967000E+13
1.88680000E+12
9.25925000E+11
5.32548000E+11
5.67828000E+11
7.41284000E+11
8.69800000E+11
9.15980000E+11
9.81887000E+11
9.27728000E+11
7.86509000E+11
7.65563000E+11
7.72225000E+11
7.89287000E+11
7.83073000E+11
7.65421000E+11
7.83372000E+11
8.19308000E+11
8.53067000E+11
8.96702000E+11
9.40677000E+11
9.79255000E+11
1.01600000E+12
1.05969000E+12
1.08705000E+12
1.12223000E+12
1.16859000E+12
1.17997000E+12
1.20665000E+12
1.23219000E+12
1.27838000E+12
1.32110000E+12
1.37306000E+12
1.44915000E+12
1.48252000E+12
1.60501000E+12
1.68370000E+12
1.86884000E+12
1.98676000E+12
2.01252000E+12
2.12387000E+12
2.14401000E+12
2.18521000E+12
2.35303000E+12
2.71646000E+12
2.92536000E+12
2.78033000E+12
2.84822000E+12
2.96430000E+12
2.90664000E+12
3.14062000E+12
3.10101000E+12
3.27763000E+12
3.78966000E+12
3.51575000E+12
3.24017000E+12
3.23770000E+12
3.49386000E+12
3.82150000E+12
3.63400000E+12
3.62974000E+12
3.60386000E+12
3.60038000E+12
3.81423000E+12
4.89075000E+12
4.09651000E+12
4.91736000E+12
4.20310000E+12
3.83838000E+12
3.87103000E+12
3.86057000E+12
3.78478000E+12
3.98653000E+12
4.29214000E+12
3.88754000E+12
3.47772000E+12
3.38612000E+12
3.42669000E+12
5.25737000E+12
5.56299000E+12
4.44031000E+12
2.92763000E+12
6.21263000E+12
4.22451000E+12
2.47918000E+12
4.68434000E+12
3.34007000E+12
3.33060000E+12
3.39451000E+12
2.86520000E+12
3.92616000E+12
2.86524000E+12
2.19060000E+12
3.97514000E+12
4.35333000E+12
3.37506000E+12
3.83643000E+12
2.95197000E+12
2.19646000E+12
2.15293000E+12
5.60720000E+12
3.63953000E+12
3.52247000E+12
3.31347000E+12
2.97616000E+12
2.80068000E+12
2.50039000E+12
2.13911000E+12
2.84921000E+12
2.66865000E+12
1.47876000E+12
5.50427000E+12
2.99028000E+12
2.11352000E+12
3.90631000E+12
3.04884000E+12
2.65231000E+12
2.48988000E+12
2.40464000E+12
2.27869000E+12
1.98771000E+12
1.89753000E+12
2.74293000E+12
2.83994000E+12
2.69306000E+12
2.29757000E+12
2.24936000E+12
2.18293000E+12
2.01864000E+12
1.89564000E+12
1.78295000E+12
1.61067000E+12
1.25673000E+12
7.80407000E+11
3.69202000E+11
1.59593000E+12
5.28617000E+12
5.53199000E+12
2.94493000E+12
2.32731000E+12
1.84533000E+12
2.04027000E+12
2.12817000E+12
2.01639000E+12
1.93764000E+12
2.22046000E+12
2.10413000E+12
2.12152000E+12
2.02746000E+12
1.91887000E+12
1.73537000E+12
1.95280000E+12
1.87979000E+12
1.84168000E+12
1.72969000E+12
1.63915000E+12
1.61656000E+12
1.53276000E+12
1.35989000E+12
1.24303000E+12
1.00967000E+12
7.64962000E+11
7.75860000E+11
1.07847000E+12
1.42602000E+12
1.67341000E+12
1.56024000E+12
1.52097000E+12
1.80361000E+12
1.69786000E+12
1.68879000E+12
1.96349000E+12
1.79872000E+12
1.82497000E+12
1.61963000E+12
1.61304000E+12
1.46802000E+12
1.48657000E+12
1.86473000E+12
1.88870000E+12
1.87077000E+12
1.83665000E+12
1.77167000E+12
1.75370000E+12
1.67340000E+12
1.45705000E+12
1.33552000E+12
1.42541000E+12
1.30664000E+12
1.37812000E+12
1.42789000E+12
1.00444000E+12
1.76483000E+12
1.80099000E+12
1.75580000E+12
1.70983000E+12
1.61814000E+12
1.57665000E+12
1.57186000E+12
1.52406000E+12
1.52882000E+12
1.49945000E+12
1.50405000E+12
1.36607000E+12
1.15622000E+12
1.16598000E+12
1.35018000E+12
1.33357000E+12
1.38516000E+12
1.36922000E+12
1.35578000E+12
1.32162000E+12
1.34972000E+12
1.31102000E+12
1.31844000E+12
1.28745000E+12
1.29774000E+12
1.28373000E+12
1.10370000E+12
1.24085000E+12
1.20374000E+12
1.21251000E+12
1.20186000E+12
1.21518000E+12
1.20498000E+12
1.18181000E+12
1.16237000E+12
1.12438000E+12
1.03056000E+12
7.99804000E+11
5.14262000E+11
8.11938000E+11
1.13251000E+12
1.23351000E+12
1.24242000E+12
1.24115000E+12
1.22155000E+12
1.18006000E+12
1.14877000E+12
1.11320000E+12
1.15580000E+12
1.12857000E+12
1.11835000E+12
1.01461000E+12
1.13612000E+12
1.09603000E+12
1.08827000E+12
1.07121000E+12
1.06921000E+12
1.06701000E+12
1.06368000E+12
1.06024000E+12
1.05550000E+12
1.03378000E+12
1.00506000E+12
1.01480000E+12
9.97479000E+11
1.00225000E+12
9.97237000E+11
9.95558000E+11
9.96431000E+11
9.94071000E+11
9.91891000E+11
9.90807000E+11
9.90678000E+11
9.87006000E+11
9.76939000E+11
9.74438000E+11
9.72095000E+11
9.68643000E+11
9.63475000E+11
9.60577000E+11
9.34290000E+11
8.24011000E+11
9.09213000E+11
8.76971000E+11
8.71012000E+11
8.52120000E+11
8.55445000E+11
8.39626000E+11
8.43396000E+11
8.41887000E+11
8.40078000E+11
8.33996000E+11
8.24247000E+11
7.24203000E+11
7.45253000E+11
7.50703000E+11
7.37182000E+11
7.31914000E+11
5.49763000E+11
5.83833000E+11
4.10444000E+11
2.55207000E+11
4.41949000E+11
4.73190000E+11
4.92738000E+11
5.10976000E+11
5.23648000E+11
5.27349000E+11
5.31127000E+11
5.34066000E+11
5.37593000E+11
5.36020000E+11
5.36508000E+11
5.30825000E+11
5.14184000E+11
5.32802000E+11
5.03704000E+11
5.06920000E+11
5.02653000E+11
4.96920000E+11
4.58300000E+11
4.52107000E+11
4.48244000E+11
4.47111000E+11
4.42811000E+11
4.38036000E+11
4.34258000E+11
4.27918000E+11
4.22457000E+11
4.14142000E+11
4.06684000E+11
3.96758000E+11
3.73928000E+11
2.44849000E+11
1.98429000E+11
2.30007000E+11
2.42923000E+11
2.51746000E+11
2.57199000E+11
2.61266000E+11
2.61965000E+11
2.60949000E+11
2.58023000E+11
2.56592000E+11
2.51358000E+11
2.48555000E+11
2.44273000E+11
2.39937000E+11
2.34103000E+11
2.29640000E+11
2.23590000E+11
2.17234000E+11
2.12718000E+11
2.05568000E+11
2.00359000E+11
1.94395000E+11
1.88366000E+11
1.82624000E+11
1.76472000E+11
1.70654000E+11
1.64173000E+11
1.59047000E+11
1.53063000E+11
1.47023000E+11
1.41729000E+11
1.35707000E+11
1.30953000E+11
1.25247000E+11
1.19133000E+11
1.14309000E+11
1.09801000E+11
1.05300000E+11
9.92123000E+10
9.46803000E+10
8.98073000E+10
8.63088000E+10
8.13132000E+10
7.75309000E+10
7.32356000E+10
6.94481000E+10
6.58296000E+10
6.17387000E+10
5.81809000E+10
5.48797000E+10
5.10258000E+10
4.83748000E+10
4.50461000E+10
4.18889000E+10
3.88714000E+10
3.66346000E+10
3.41496000E+10
3.17841000E+10
2.93487000E+10
2.72347000E+10
2.52247000E+10
2.31698000E+10
2.15314000E+10
1.96917000E+10
1.81968000E+10
1.66050000E+10
1.52157000E+10
1.38441000E+10
1.27275000E+10
1.14248000E+10
1.04732000E+10
9.51636000E+09
8.67421000E+09
7.83506000E+09
7.03700000E+09
6.33935000E+09
5.80344000E+09
5.09875000E+09
4.56411000E+09
4.07138000E+09
3.79886000E+09
3.39319000E+09
2.94239000E+09
2.57655000E+09
2.34557000E+09
2.00452000E+09
1.88607000E+09
1.60759000E+09
1.47810000E+09
1.26899000E+09
1.12560000E+09
1.01027000E+09
8.94590000E+08
7.83185000E+08
6.94809000E+08
6.12973000E+08
5.37193000E+08
4.88665000E+08
3.93023000E+08
3.82527000E+08
3.16043000E+08
2.48256000E+08
2.28791000E+08
2.06296000E+08
2.00357000E+08
1.62698000E+08
1.56485000E+08
1.26559000E+08
1.06787000E+08
1.06593000E+08
8.57803000E+07
7.51026000E+07
6.98836000E+07
5.24787000E+07
5.01668000E+07
4.14003000E+07
3.51967000E+07
3.33569000E+07
4.30844000E+07
0.00000000E+00
0.00000000E+00
0.00000000E+00
0.00000000E+00
0.00000000E+00
0.00000000E+00
0.00000000E+00
0.00000000E+00
0.00000000E+00
0.00000000E+00
0.00000000E+00
0.00000000E+00
0.00000000E+00
0.00000000E+00
0.00000000E+00
0.00000000E+00
0.00000000E+00
0.00000000E+00
0.00000000E+00
0.00000000E+00
0.00000000E+00
0.00000000E+00
0.00000000E+00
0.00000000E+00
0.00000000E+00
0.00000000E+00
0.00000000E+00
0.00000000E+00
0.00000000E+00
0.00000000E+00
0.00000000E+00
0.00000000E+00
0.00000000E+00
0.00000000E+00
0.00000000E+00
0.00000000E+00
0.00000000E+00
0.00000000E+00
0.00000000E+00
0.00000000E+00
0.00000000E+00
0.00000000E+00
0.00000000E+00
0.00000000E+00
0.00000000E+00
0.00000000E+00
0.00000000E+00
0.00000000E+00
0.00000000E+00
0.00000000E+00
0.00000000E+00
0.00000000E+00
0.00000000E+00
0.00000000E+00
0.00000000E+00
0.00000000E+00
0.00000000E+00
0.00000000E+00
0.00000000E+00
0.00000000E+00
0.00000000E+00
0.00000000E+00
0.00000000E+00
0.00000000E+00
0.00000000E+00
0.00000000E+00
0.00000000E+00
0.00000000E+00
0.00000000E+00
0.00000000E+00
0.00000000E+00
0.00000000E+00
0.00000000E+00
0.00000000E+00
0.00000000E+00
0.00000000E+00
0.00000000E+00
0.00000000E+00
0.00000000E+00
0.00000000E+00
0.00000000E+00
0.00000000E+00
0.00000000E+00
0.00000000E+00
0.00000000E+00
0.00000000E+00
0.00000000E+00
0.00000000E+00
0.00000000E+00
0.00000000E+00
0.00000000E+00
0.00000000E+00
0.00000000E+00
0.00000000E+00
0.00000000E+00
0.00000000E+00
0.00000000E+00
0.00000000E+00
0.00000000E+00
0.00000000E+00
0.00000000E+00
0.00000000E+00
0.00000000E+00
0.00000000E+00
0.00000000E+00
0.00000000E+00
0.00000000E+00
0.00000000E+00
0.00000000E+00
0.00000000E+00
0.00000000E+00
0.00000000E+00
0.00000000E+00
0.00000000E+00
0.00000000E+00
0.00000000E+00
0.00000000E+00
0.00000000E+00
0.00000000E+00
0.00000000E+00
0.00000000E+00
0.00000000E+00
0.00000000E+00
0.00000000E+00
0.00000000E+00
0.00000000E+00
0.00000000E+00
0.00000000E+00
0.00000000E+00
0.00000000E+00
0.00000000E+00
0.00000000E+00
0.00000000E+00
0.00000000E+00
0.00000000E+00
0.00000000E+00
0.00000000E+00
0.00000000E+00
0.00000000E+00
0.00000000E+00
0.00000000E+00
0.00000000E+00
0.00000000E+00
0.00000000E+00
0.00000000E+00
0.00000000E+00
0.00000000E+00
0.00000000E+00
0.00000000E+00
0.00000000E+00
0.00000000E+00
0.00000000E+00
0.00000000E+00
0.00000000E+00
0.00000000E+00
0.00000000E+00
0.00000000E+00
0.00000000E+00
0.00000000E+00
0.00000000E+00
0.00000000E+00
0.00000000E+00
1.0
hcpb_ht.spectrum617
